0.000123409804087  0.087637607299918 -0.778073609984252 -0.083050001223816  0.539223406739690
0.000126174950643  0.087637607334030 -0.778073609502554 -0.083050000874273  0.539223406793205
0.000129002053667  0.087637607369688 -0.778073608999028 -0.083050000508890  0.539223406849144
0.000131892501367  0.087637607406962 -0.778073608472685 -0.083050000126951  0.539223406907619
0.000134847713059  0.087637607445925 -0.778073607922491 -0.083049999727704  0.539223406968743
0.000137869139859  0.087637607486653 -0.778073607347366 -0.083049999310366  0.539223407032637
0.000140958265396  0.087637607529226 -0.778073606746179 -0.083049998874115  0.539223407099428
0.000144116606543  0.087637607573730 -0.778073606117749 -0.083049998418097  0.539223407169243
0.000147345714159  0.087637607620249 -0.778073605460843 -0.083049997941414  0.539223407242222
0.000150647173853  0.087637607668877 -0.778073604774170 -0.083049997443131  0.539223407318509
0.000154022606762  0.087637607719708 -0.778073604056380 -0.083049996922268  0.539223407398253
0.000157473670345  0.087637607772843 -0.778073603306063 -0.083049996377803  0.539223407481610
0.000161002059200  0.087637607828386 -0.778073602521747 -0.083049995808665  0.539223407568744
0.000164609505892  0.087637607886445 -0.778073601701891 -0.083049995213737  0.539223407659827
0.000168297781810  0.087637607947136 -0.778073600844883 -0.083049994591850  0.539223407755037
0.000172068698029  0.087637608010576 -0.778073599949039 -0.083049993941783  0.539223407854562
0.000175924106206  0.087637608076891 -0.778073599012601 -0.083049993262258  0.539223407958597
0.000179865899486  0.087637608146211 -0.778073598033728 -0.083049992551943  0.539223408067346
0.000183896013432  0.087637608218672 -0.778073597010499 -0.083049991809438  0.539223408181022
0.000188016426977  0.087637608294418 -0.778073595940903 -0.083049991033288  0.539223408299851
0.000192229163391  0.087637608373595 -0.778073594822838 -0.083049990221966  0.539223408424063
0.000196536291282  0.087637608456360 -0.778073593654109 -0.083049989373879  0.539223408553904
0.000200939925605  0.087637608542876 -0.778073592432420 -0.083049988487363  0.539223408689629
0.000205442228703  0.087637608633312 -0.778073591155370 -0.083049987560674  0.539223408831505
0.000210045411371  0.087637608727846 -0.778073589820451 -0.083049986591993  0.539223408979809
0.000214751733938  0.087637608826664 -0.778073588425042 -0.083049985579417  0.539223409134834
0.000219563507378  0.087637608929960 -0.778073586966400 -0.083049984520956  0.539223409296883
0.000224483094447  0.087637609037937 -0.778073585441661 -0.083049983414532  0.539223409466275
0.000229512910839  0.087637609150806 -0.778073583847829 -0.083049982257971  0.539223409643344
0.000234655426377  0.087637609268790 -0.778073582181773 -0.083049981049001  0.539223409828436
0.000239913166222  0.087637609392120 -0.778073580440220 -0.083049979785247  0.539223410021916
0.000245288712114  0.087637609521040 -0.778073578619750 -0.083049978464226  0.539223410224163
0.000250784703641  0.087637609655801 -0.778073576716788 -0.083049977083344  0.539223410435574
0.000256403839534  0.087637609796669 -0.778073574727592 -0.083049975639889  0.539223410656566
0.000262148878991  0.087637609943920 -0.778073572648258 -0.083049974131023  0.539223410887572
0.000268022643036  0.087637610097843 -0.778073570474699 -0.083049972553785  0.539223411129046
0.000274028015898  0.087637610258742 -0.778073568202648 -0.083049970905075  0.539223411381462
0.000280167946434  0.087637610426931 -0.778073565827639 -0.083049969181654  0.539223411645316
0.000286445449571  0.087637610602743 -0.778073563345008 -0.083049967380138  0.539223411921127
0.000292863607790  0.087637610786521 -0.778073560749877 -0.083049965496986  0.539223412209435
0.000299425572640  0.087637610978627 -0.778073558037150 -0.083049963528501  0.539223412510808
0.000306134566283  0.087637611179437 -0.778073555201498 -0.083049961470815  0.539223412825838
0.000312993883077  0.087637611389348 -0.778073552237349 -0.083049959319886  0.539223413155144
0.000320006891196  0.087637611608770 -0.778073549138881 -0.083049957071488  0.539223413499371
0.000327177034279  0.087637611838135 -0.778073545900007 -0.083049954721207  0.539223413859196
0.000334507833127  0.087637612077894 -0.778073542514366 -0.083049952264422  0.539223414235328
0.000342002887428  0.087637612328518 -0.778073538975307 -0.083049949696310  0.539223414628503
0.000349665877524  0.087637612590499 -0.778073535275876 -0.083049947011826  0.539223415039495
0.000357500566220  0.087637612864350 -0.778073531408809 -0.083049944205696  0.539223415469112
0.000365510800633  0.087637613150612 -0.778073527366507 -0.083049941272407  0.539223415918195
0.000373700514077  0.087637613449845 -0.778073523141031 -0.083049938206198  0.539223416387629
0.000382073727999  0.087637613762638 -0.778073518724079 -0.083049935001045  0.539223416878335
0.000390634553948  0.087637614089604 -0.778073514106975 -0.083049931650653  0.539223417391277
0.000399387195601  0.087637614431388 -0.778073509280650 -0.083049928148439  0.539223417927462
0.000408335950822  0.087637614788659 -0.778073504235622 -0.083049924487525  0.539223418487945
0.000417485213772  0.087637615162119 -0.778073498961982 -0.083049920660718  0.539223419073825
0.000426839477072  0.087637615552503 -0.778073493449371 -0.083049916660501  0.539223419686254
0.000436403334003  0.087637615960577 -0.778073487686958 -0.083049912479016  0.539223420326435
0.000446181480764  0.087637616387142 -0.778073481663423 -0.083049908108051  0.539223420995626
0.000456178718781  0.087637616833037 -0.778073475366936 -0.083049903539017  0.539223421695140
0.000466399957058  0.087637617299137 -0.778073468785127 -0.083049898762940  0.539223422426353
0.000476850214594  0.087637617786358 -0.778073461905067 -0.083049893770437  0.539223423190700
0.000487534622843  0.087637618295658 -0.778073454713240 -0.083049888551702  0.539223423989683
0.000498458428236  0.087637618828036 -0.778073447195521 -0.083049883096483  0.539223424824872
0.000509626994758  0.087637619384540 -0.778073439337139 -0.083049877394064  0.539223425697907
0.000521045806577  0.087637619966260 -0.778073431122659 -0.083049871433242  0.539223426610503
0.000532720470746  0.087637620574340 -0.778073422535946 -0.083049865202309  0.539223427564452
0.000544656719945  0.087637621209976 -0.778073413560128 -0.083049858689025  0.539223428561629
0.000556860415305  0.087637621874415 -0.778073404177578 -0.083049851880595  0.539223429603992
0.000569337549283  0.087637622568963 -0.778073394369862 -0.083049844763644  0.539223430693591
0.000582094248602  0.087637623294984 -0.778073384117714 -0.083049837324193  0.539223431832562
0.000595136777264  0.087637624053904 -0.778073373400997 -0.083049829547627  0.539223433023147
0.000608471539623  0.087637624847214 -0.778073362198656 -0.083049821418670  0.539223434267682
0.000622105083529  0.087637625676472 -0.778073350488689 -0.083049812921354  0.539223435568613
0.000636044103545  0.087637626543309 -0.778073338248091 -0.083049804038987  0.539223436928492
0.000650295444236  0.087637627449425 -0.778073325452816 -0.083049794754120  0.539223438349996
0.000664866103525  0.087637628396601 -0.778073312077731 -0.083049785048515  0.539223439835914
0.000679763236133  0.087637629386699 -0.778073298096562 -0.083049774903105  0.539223441389166
0.000694994157091  0.087637630421661 -0.778073283481842 -0.083049764297962  0.539223443012802
0.000710566345333  0.087637631503524 -0.778073268204867 -0.083049753212253  0.539223444710012
0.000726487447367  0.087637632634410 -0.778073252235622 -0.083049741624201  0.539223446484130
0.000742765281030  0.087637633816540 -0.778073235542740 -0.083049729511042  0.539223448338642
0.000759407839328  0.087637635052240 -0.778073218093429 -0.083049716848984  0.539223450277188
0.000776423294359  0.087637636343934 -0.778073199853414 -0.083049703613150  0.539223452303580
0.000793820001327  0.087637637694161 -0.778073180786862 -0.083049689777543  0.539223454421796
0.000811606502645  0.087637639105572 -0.778073160856319 -0.083049675314982  0.539223456635998
0.000829791532129  0.087637640580941 -0.778073140022636 -0.083049660197059  0.539223458950535
0.000848384019286  0.087637642123165 -0.778073118244885 -0.083049644394076  0.539223461369953
0.000867393093701  0.087637643735275 -0.778073095480289 -0.083049627874989  0.539223463899006
0.000886828089517  0.087637645420436 -0.778073071684128 -0.083049610607350  0.539223466542661
0.000906698550020  0.087637647181959 -0.778073046809657 -0.083049592557237  0.539223469306113
0.000927014232326  0.087637649023305 -0.778073020808014 -0.083049573689194  0.539223472194788
0.000947785112169  0.087637650948092 -0.778072993628121 -0.083049553966156  0.539223475214360
0.000969021388804  0.087637652960098 -0.778072965216587 -0.083049533349380  0.539223478370764
0.000990733490012  0.087637655063278 -0.778072935517602 -0.083049511798366  0.539223481670198
0.001012932077218  0.087637657261763 -0.778072904472823 -0.083049489270780  0.539223485119144
0.001035628050734  0.087637659559870 -0.778072872021268 -0.083049465722371  0.539223488724375
0.001058832555103  0.087637661962115 -0.778072838099190 -0.083049441106879  0.539223492492976
0.001082556984578  0.087637664473216 -0.778072802639952 -0.083049415375950  0.539223496432347
0.001106812988711  0.087637667098107 -0.778072765573900 -0.083049388479039  0.539223500550230
0.001131612478078  0.087637669841944 -0.778072726828224 -0.083049360363311  0.539223504854710
0.001156967630127  0.087637672710116 -0.778072686326808 -0.083049330973535  0.539223509354246
0.001182890895154  0.087637675708258 -0.778072643990096 -0.083049300251979  0.539223514057673
0.001209395002420  0.087637678842259 -0.778072599734920 -0.083049268138294  0.539223518974235
0.001236492966403  0.087637682118277 -0.778072553474348 -0.083049234569396  0.539223524113586
0.001264198093182  0.087637685542745 -0.778072505117506 -0.083049199479344  0.539223529485823
0.001292523986978  0.087637689122391 -0.778072454569403 -0.083049162799208  0.539223535101498
0.001321484556829  0.087637692864248 -0.778072401730745 -0.083049124456934  0.539223540971643
0.001351094023424  0.087637696775665 -0.778072346497735 -0.083049084377203  0.539223547107790
0.001381366926082  0.087637700864326 -0.778072288761874 -0.083049042481283  0.539223553521992
0.001412318129895  0.087637705138263 -0.778072228409750 -0.083048998686876  0.539223560226848
0.001443962833022  0.087637709605871 -0.778072165322806 -0.083048952907954  0.539223567235529
0.001476316574160  0.087637714275926 -0.778072099377119 -0.083048905054588  0.539223574561803
0.001509395240165  0.087637719157604 -0.778072030443145 -0.083048855032777  0.539223582220059
0.001543215073859  0.087637724260493 -0.778071958385471 -0.083048802744261  0.539223590225344
0.001577792682006  0.087637729594615 -0.778071883062550 -0.083048748086323  0.539223598593381
0.001613145043463  0.087637735170452 -0.778071804326420 -0.083048690951596  0.539223607340608
0.001649289517517  0.087637740998956 -0.778071722022415 -0.083048631227846  0.539223616484208
0.001686243852414  0.087637747091575 -0.778071635988858 -0.083048568797754  0.539223626042141
0.001724026194070  0.087637753460279 -0.778071546056747 -0.083048503538684  0.539223636033184
0.001762655094981  0.087637760117578 -0.778071452049425 -0.083048435322443  0.539223646476961
0.001802149523337  0.087637767076549 -0.778071353782223 -0.083048364015029  0.539223657393988
0.001842528872331  0.087637774350863 -0.778071251062111 -0.083048289476369  0.539223668805708
0.001883812969685  0.087637781954811 -0.778071143687309 -0.083048211560041  0.539223680734539
0.001926022087384  0.087637789903327 -0.778071031446892 -0.083048130112988  0.539223693203914
0.001969176951634  0.087637798212028 -0.778070914120382 -0.083048044975220  0.539223706238323
0.002013298753033  0.087637806897234 -0.778070791477304 -0.083047955979494  0.539223719863373
0.002058409156984  0.087637815976008 -0.778070663276745 -0.083047862950992  0.539223734105827
0.002104530314328  0.087637825466181 -0.778070529266871 -0.083047765706970  0.539223748993661
0.002151684872221  0.087637835386399 -0.778070389184440 -0.083047664056408  0.539223764556121
0.002199895985259  0.087637845756148 -0.778070242754279 -0.083047557799627  0.539223780823775
0.002249187326843  0.087637856595797 -0.778070089688747 -0.083047446727899  0.539223797828576
0.002299583100804  0.087637867926642 -0.778069929687168 -0.083047330623043  0.539223815603931
0.002351108053293  0.087637879770940 -0.778069762435244 -0.083047209256984  0.539223834184751
0.002403787484926  0.087637892151960 -0.778069587604433 -0.083047082391320  0.539223853607538
0.002457647263210  0.087637905094019 -0.778069404851304 -0.083046949776838  0.539223873910441
0.002512713835245  0.087637918622545 -0.778069213816867 -0.083046811153040  0.539223895133342
0.002569014240712  0.087637932764112 -0.778069014125865 -0.083046666247619  0.539223917317928
0.002626576125147  0.087637947546499 -0.778068805386033 -0.083046514775931  0.539223940507776
0.002685427753518  0.087637962998746 -0.778068587187337 -0.083046356440432  0.539223964748436
0.002745598024105  0.087637979151208 -0.778068359101158 -0.083046190930098  0.539223990087523
0.002807116482688  0.087637996035614 -0.778068120679457 -0.083046017919809  0.539224016574811
0.002870013337058  0.087638013685133 -0.778067871453893 -0.083045837069715  0.539224044262327
0.002934319471845  0.087638032134434 -0.778067610934903 -0.083045648024564  0.539224073204454
0.003000066463690  0.087638051419762 -0.778067338610743 -0.083045450413009  0.539224103458043
0.003067286596744  0.087638071579001 -0.778067053946474 -0.083045243846874  0.539224135082518
0.003136012878526  0.087638092651750 -0.778066756382924 -0.083045027920396  0.539224168139997
0.003206279056128  0.087638114679409 -0.778066445335580 -0.083044802209422  0.539224202695411
0.003278119632786  0.087638137705246 -0.778066120193443 -0.083044566270585  0.539224238816633
0.003351569884822  0.087638161774496 -0.778065780317832 -0.083044319640424  0.539224276574615
0.003426665878969  0.087638186934440 -0.778065425041120 -0.083044061834477  0.539224316043518
0.003503444490078  0.087638213234505 -0.778065053665433 -0.083043792346331  0.539224357300866
0.003581943419226  0.087638240726354 -0.778064665461273 -0.083043510646629  0.539224400427698
0.003662201212228  0.087638269463994 -0.778064259666085 -0.083043216182022  0.539224445508719
0.003744257278564  0.087638299503879 -0.778063835482764 -0.083042908374093  0.539224492632476
0.003828151910733  0.087638330905019 -0.778063392078087 -0.083042586618213  0.539224541891525
0.003913926304036  0.087638363729101 -0.778062928581074 -0.083042250282356  0.539224593382618
0.004001622576804  0.087638398040607 -0.778062444081278 -0.083041898705859  0.539224647206891
0.004091283791081  0.087638433906941 -0.778061937627005 -0.083041531198122  0.539224703470057
0.004182953973768  0.087638471398559 -0.778061408223430 -0.083041147037255  0.539224762282623
0.004276678138243  0.087638510589113 -0.778060854830657 -0.083040745468657  0.539224823760102
0.004372502306461  0.087638551555590 -0.778060276361670 -0.083040325703533  0.539224888023239
0.004470473531558  0.087638594378470 -0.778059671680196 -0.083039886917350  0.539224955198248
0.004570639920952  0.087638639141877 -0.778059039598482 -0.083039428248215  0.539225025417066
0.004673050659963  0.087638685933745 -0.778058378874952 -0.083038948795177  0.539225098817601
0.004777756035972  0.087638734845999 -0.778057688211778 -0.083038447616470  0.539225175544012
0.004884807463108  0.087638785974723 -0.778056966252323 -0.083037923727650  0.539225255746988
0.004994257507495  0.087638839420362 -0.778056211578483 -0.083037376099669  0.539225339584044
0.005106159913066  0.087638895287908 -0.778055422707900 -0.083036803656854  0.539225427219831
0.005220569627953  0.087638953687114 -0.778054598091050 -0.083036205274795  0.539225518826460
0.005337542831467  0.087639014732705 -0.778053736108200 -0.083035579778131  0.539225614583835
0.005457136961682  0.087639078544605 -0.778052835066232 -0.083034925938249  0.539225714680013
0.005579410743647  0.087639145248173 -0.778051893195310 -0.083034242470870  0.539225819311569
0.005704424218212  0.087639214974453 -0.778050908645408 -0.083033528033523  0.539225928683979
0.005832238771519  0.087639287860420 -0.778049879482685 -0.083032781222910  0.539226043012031
0.005962917165138  0.087639364049264 -0.778048803685675 -0.083032000572157  0.539226162520240
0.006096523566891  0.087639443690660 -0.778047679141323 -0.083031184547926  0.539226287443289
0.006233123582356  0.087639526941067 -0.778046503640842 -0.083030331547405  0.539226418026494
0.006372784287084  0.087639613964036 -0.778045274875366 -0.083029439895164  0.539226554526278
0.006515574259536  0.087639704930529 -0.778043990431423 -0.083028507839866  0.539226697210680
0.006661563614756  0.087639800019255 -0.778042647786193 -0.083027533550822  0.539226846359881
0.006810824038801  0.087639899417024 -0.778041244302558 -0.083026515114406  0.539227002266748
0.006963428823941  0.087640003319113 -0.778039777223922 -0.083025450530288  0.539227165237413
0.007119452904649  0.087640111929646 -0.778038243668799 -0.083024337707514  0.539227335591872
0.007278972894395  0.087640225462002 -0.778036640625159 -0.083023174460399  0.539227513664613
0.007442067123267  0.087640344139227 -0.778034964944511 -0.083021958504234  0.539227699805270
0.007608815676434  0.087640468194478 -0.778033213335723 -0.083020687450804  0.539227894379312
0.007779300433471  0.087640597871479 -0.778031382358564 -0.083019358803694  0.539228097768755
0.007953605108563  0.087640733425001 -0.778029468416949 -0.083017969953397  0.539228310372914
0.008131815291614  0.087640875121359 -0.778027467751875 -0.083016518172185  0.539228532609188
0.008314018490274  0.087641023238940 -0.778025376434054 -0.083015000608756  0.539228764913867
0.008500304172907  0.087641178068752 -0.778023190356191 -0.083013414282640  0.539229007743006
0.008690763812525  0.087641339914987 -0.778020905224926 -0.083011756078345  0.539229261573297
0.008885490931705  0.087641509095627 -0.778018516552406 -0.083010022739244  0.539229526903019
0.009084581148509  0.087641685943067 -0.778016019647478 -0.083008210861187  0.539229804253008
0.009288132223439  0.087641870804768 -0.778013409606485 -0.083006316885811  0.539230094167677
0.009496244107439  0.087642064043938 -0.778010681303640 -0.083004337093568  0.539230397216082
0.009709018990978  0.087642266040251 -0.778007829380967 -0.083002267596419  0.539230713993041
0.009926561354222  0.087642477190588 -0.778004848237788 -0.083000104330204  0.539231045120290
0.010148978018346  0.087642697909821 -0.778001732019740 -0.082997843046671  0.539231391247709
0.010376378197980  0.087642928631627 -0.777998474607274 -0.082995479305139  0.539231753054587
0.010608873554844  0.087643169809342 -0.777995069603664 -0.082993008463783  0.539232131250955
0.010846578252571  0.087643421916850 -0.777991510322451 -0.082990425670534  0.539232526578979
0.011089609012772  0.087643685449518 -0.777987789774324 -0.082987725853552  0.539232939814401
0.011338085172344  0.087643960925166 -0.777983900653415 -0.082984903711281  0.539233371768067
0.011592128742075  0.087644248885090 -0.777979835322964 -0.082981953702051  0.539233823287508
0.011851864466552  0.087644549895125 -0.777975585800346 -0.082978870033207  0.539234295258600
0.012117419885416  0.087644864546755 -0.777971143741411 -0.082975646649747  0.539234788607287
0.012388925395988  0.087645193458278 -0.777966500424123 -0.082972277222449  0.539235304301404
0.012666514317299  0.087645537276026 -0.777961646731457 -0.082968755135459  0.539235843352556
0.012950322955557  0.087645896675628 -0.777956573133520 -0.082965073473321  0.539236406818102
0.013240490671075  0.087646272363350 -0.777951269668875 -0.082961225007411  0.539236995803217
0.013537159946702  0.087646665077473 -0.777945725925002 -0.082957202181774  0.539237611463048
0.013840476457789  0.087647075589757 -0.777939931017895 -0.082952997098307  0.539238255004971
0.014150589143720  0.087647504706947 -0.777933873570727 -0.082948601501279  0.539238927690945
0.014467650281049  0.087647953272373 -0.777927541691552 -0.082944006761149  0.539239630839979
0.014791815558267  0.087648422167598 -0.777920922950006 -0.082939203857656  0.539240365830696
0.015123244152259  0.087648912314165 -0.777914004352941 -0.082934183362144  0.539241134104027
0.015462098806458  0.087649424675399 -0.777906772318981 -0.082928935419087  0.539241937166012
0.015808545910764  0.087649960258312 -0.777899212651911 -0.082923449726779  0.539242776590745
0.016162755583242  0.087650520115580 -0.777891310512866 -0.082917715517163  0.539243654023427
0.016524901753662  0.087651105347616 -0.777883050391284 -0.082911721534732  0.539244571183577
0.016895162248900  0.087651717104744 -0.777874416074519 -0.082905456014488  0.539245529868369
0.017273718880258  0.087652356589452 -0.777865390616108 -0.082898906658914  0.539246531956142
0.017660757532744  0.087653025058768 -0.777855956302594 -0.082892060613887  0.539247579410031
0.018056468256343  0.087653723826735 -0.777846094618851 -0.082884904443525  0.539248674281800
0.018461045359342  0.087654454267000 -0.777835786211861 -0.082877424103889  0.539249818715814
0.018874687503740  0.087655217815517 -0.777825010852838 -0.082869604915500  0.539251014953208
0.019297597802801  0.087656015973378 -0.777813747397660 -0.082861431534619  0.539252265336233
0.019729983920786  0.087656850309773 -0.777801973745513 -0.082852887923235  0.539253572312794
0.020172058174929  0.087657722465078 -0.777789666795669 -0.082843957317697  0.539254938441201
0.020624037639688  0.087658634154094 -0.777776802402326 -0.082834622195935  0.539256366395113
0.021086144253337  0.087659587169425 -0.777763355327404 -0.082824864243212  0.539257858968719
0.021558604926948  0.087660583385010 -0.777749299191234 -0.082814664316316  0.539259419082139
0.022041651655811  0.087661624759826 -0.777734606421006 -0.082804002406162  0.539261049787069
0.022535521633351  0.087662713341743 -0.777719248196916 -0.082792857598701  0.539262754272672
0.023040457367601  0.087663851271571 -0.777703194395888 -0.082781208034068  0.539264535871730
0.023556706800282  0.087665040787282 -0.777686413532758 -0.082769030863906  0.539266398067072
0.024084523428547  0.087666284228426 -0.777668872698831 -0.082756302206759  0.539268344498286
0.024624166429465  0.087667584040752 -0.777650537497667 -0.082742997101468  0.539270378968712
0.025175900787278  0.087668942781034 -0.777631371977987 -0.082729089458477  0.539272505452768
0.025739997423525  0.087670363122122 -0.777611338563572 -0.082714552008950  0.539274728103576
0.026316733330069  0.087671847858222 -0.777590397980011 -0.082699356251600  0.539277051260933
0.026906391705113  0.087673399910418 -0.777568509178182 -0.082683472397149  0.539279479459628
0.027509262092259  0.087675022332445 -0.777545629254277 -0.082666869310282  0.539282017438128
0.028125640522687  0.087676718316723 -0.777521713366274 -0.082649514449013  0.539284670147636
0.028755829660514  0.087678491200676 -0.777496714646653 -0.082631373801330  0.539287442761547
0.029400138951412  0.087680344473327 -0.777470584111212 -0.082612411819009  0.539290340685318
0.030058884774563  0.087682281782209 -0.777443270563810 -0.082592591348462  0.539293369566762
0.030732390598006  0.087684306940582 -0.777414720496850 -0.082571873558504  0.539296535306794
0.031420987137476  0.087686423934981 -0.777384877987319 -0.082550217864884  0.539299844070636
0.032125012518795  0.087688636933115 -0.777353684588194 -0.082527581851455  0.539303302299509
0.032844812443904  0.087690950292127 -0.777321079214999 -0.082503921187822  0.539306916722825
0.033580740360617  0.087693368567228 -0.777286998027319 -0.082479189543326  0.539310694370912
0.034333157636176  0.087695896520732 -0.777251374305022 -0.082453338497187  0.539314642588266
0.035102433734693  0.087698539131505 -0.777214138318995 -0.082426317444661  0.539318769047391
0.035888946398574  0.087701301604846 -0.777175217196117 -0.082398073499015  0.539323081763212
0.036693081834003  0.087704189382822 -0.777134534778253 -0.082368551389149  0.539327589108105
0.037515234900579  0.087707208155084 -0.777092011474979 -0.082337693352675  0.539332299827570
0.038355809305215  0.087710363870173 -0.777047564109787 -0.082305439024259  0.539337223056549
0.039215217800363  0.087713662747348 -0.777001105759479 -0.082271725319007  0.539342368336450
0.040093882386698  0.087717111288970 -0.776952545586463 -0.082236486310698  0.539347745632867
0.040992234520332  0.087720716293436 -0.776901788663630 -0.082199653104632  0.539353365354050
0.041910715324675  0.087724484868733 -0.776848735791516 -0.082161153704870  0.539359238370135
0.042849775807043  0.087728424446602 -0.776793283307400 -0.082120912875606  0.539365376033174
0.043809877080118  0.087732542797362 -0.776735322886003 -0.082078851996451  0.539371790197986
0.044791490588373  0.087736848045422 -0.776674741331425 -0.082034888911332  0.539378493243869
0.045795098339566  0.087741348685508 -0.776611420359950 -0.081988937770776  0.539385498097182
0.046821193141425  0.087746053599644 -0.776545236373340 -0.081940908867256  0.539392818254858
0.047870278843633  0.087750972074920 -0.776476060222204 -0.081890708463344  0.539400467808856
0.048942870585237  0.087756113822084 -0.776403756959026 -0.081838238612341  0.539408461471588
0.050039495047602  0.087761488995007 -0.776328185580439 -0.081783396971072  0.539416814602372
0.051160690713026  0.087767108211035 -0.776249198758256 -0.081726076604545  0.539425543234909
0.052307008129158  0.087772982572314 -0.776166642558853 -0.081666165782094  0.539434664105851
0.053479010179337  0.087779123688088 -0.776080356150339 -0.081603547764678  0.539444194684479
0.054677272358985  0.087785543698052 -0.775990171497091 -0.081538100582979  0.539454153203519
0.055902383058199  0.087792255296794 -0.775895913041092 -0.081469696805891  0.539464558691138
0.057154943850671  0.087799271759376 -0.775797397369539 -0.081398203299036  0.539475431004151
0.058435569789082  0.087806606968125 -0.775694432868163 -0.081323480972882  0.539486790862479
0.059744889707114  0.087814275440676 -0.775586819359701 -0.081245384520057  0.539498659884867
0.061083546528233  0.087822292359326 -0.775474347726916 -0.081163762141416  0.539511060625923
0.062452197581387  0.087830673601795 -0.775356799519538 -0.081078455260413  0.539524016614491
0.063851514923775  0.087839435773407 -0.775233946544496 -0.080989298225306  0.539537552393398
0.065282185670855  0.087848596240818 -0.775105550438799 -0.080896117998736  0.539551693560582
0.066744912333743  0.087858173167329 -0.774971362224384 -0.080798733834170  0.539566466811663
0.068240413164167  0.087868185549871 -0.774831121844213 -0.080696956938698  0.539581899983945
0.069769422507160  0.087878653257754 -0.774684557678914 -0.080590590121656  0.539598022101895
0.071332691161644  0.087889597073260 -0.774531386043239 -0.080479427428546  0.539614863424110
0.072930986749107  0.087901038734170 -0.774371310661591 -0.080363253759707  0.539632455491772
0.074565094090526  0.087913000978321 -0.774204022121767 -0.080241844473116  0.539650831178639
0.076235815591746  0.087925507590305 -0.774029197306194 -0.080114964970783  0.539670024742538
0.077943971637490  0.087938583450401 -0.773846498799822 -0.079982370268120  0.539690071878392
0.079690400994196  0.087952254585867 -0.773655574273825 -0.079843804545688  0.539711009772738
0.081475961221884  0.087966548224709 -0.773456055844228 -0.079699000682639  0.539732877159787
0.083301529095247  0.087981492852033 -0.773247559404601 -0.079547679771249  0.539755714378949
0.085168001034181  0.087997118269150 -0.773029683931972 -0.079389550611908  0.539779563433807
0.087076293543958  0.088013455655536 -0.772802010765030 -0.079224309187874  0.539804468052517
0.089027343665263  0.088030537633817 -0.772564102853596 -0.079051638119071  0.539830473749588
0.091022109434317  0.088048398337928 -0.772315503978573 -0.078871206094299  0.539857627888969
0.093061570353305  0.088067073484605 -0.772055737941378 -0.078682667281164  0.539885979748360
0.095146727871350  0.088086600448406 -0.771784307721928 -0.078485660713029  0.539915580584650
0.097278605876257  0.088107018340402 -0.771500694604099 -0.078279809652167  0.539946483700448
0.099458251197281  0.088128368090778 -0.771204357267851 -0.078064720928553  0.539978744511487
0.101686734119161  0.088150692535519 -0.770894730847030 -0.077839984253526  0.540012420614785
0.103965148907660  0.088174036507417 -0.770571225951922 -0.077605171507656  0.540047571857399
0.106294614346901  0.088198446931599 -0.770233227655383 -0.077359836001936  0.540084260405622
0.108676274288718  0.088223972925857 -0.769880094441941 -0.077103511711835  0.540122550814323
0.111111298214340  0.088250665906007 -0.769511157118814 -0.076835712483445  0.540162510096198
0.113600881808639  0.088278579696570 -0.769125717688034 -0.076555931211074  0.540204207790637
0.116146247547263  0.088307770647034 -0.768723048178510 -0.076263638985463  0.540247716031971
0.118748645296907  0.088338297754033 -0.768302389437665 -0.075958284212291  0.540293109616596
0.121409352929053  0.088370222789751 -0.767862949881685 -0.075639291700261  0.540340466068618
0.124129676947440  0.088403610436897 -0.767403904203729 -0.075306061718278  0.540389865703525
0.126910953129615  0.088438528430593 -0.766924392039084 -0.074957969020919  0.540441391689513
0.129754547182840  0.088475047707599 -0.766423516587289 -0.074594361842206  0.540495130105688
0.132661855414709  0.088513242563250 -0.765900343190480 -0.074214560857088  0.540551169996566
0.135634305418782  0.088553190816559 -0.765353897867658 -0.073817858110373  0.540609603422164
0.138673356775588  0.088594973983905 -0.764783165804081 -0.073403515912512  0.540670525503050
0.141780501769331  0.088638677461852 -0.764187089796556 -0.072970765702724  0.540734034459171
0.144957266120654  0.088684390719573 -0.763564568654179 -0.072518806879115  0.540800231641652
0.148205209735823  0.088732207501441 -0.762914455554822 -0.072046805595935  0.540869221556451
0.151525927472702  0.088782226040347 -0.762235556357046 -0.071553893527718  0.540941111878928
0.154921049923881  0.088834549282396 -0.761526627869252 -0.071039166601540  0.541016013457598
0.158392244217355  0.088889285123634 -0.760786376076232 -0.070501683697464  0.541094040305875
0.161941214835151  0.088946546659477 -0.760013454324208 -0.069940465317917  0.541175309580195
0.165569704450282  0.089006452447564 -0.759206461464959 -0.069354492226366  0.541259941543082
0.169279494782471  0.089069126784881 -0.758363939962261 -0.068742704057568  0.541348059508704
0.173072407473030  0.089134699999961 -0.757484373961773 -0.068103997900154  0.541439789769162
0.176950304979363  0.089203308761029 -0.756566187326633 -0.067437226853138  0.541535261499269
0.180915091489490  0.089275096400991 -0.755607741640732 -0.066741198557720  0.541634606637629
0.184968713857079  0.089350213260371 -0.754607334184901 -0.066014673708110  0.541737959740635
0.189113162557416  0.089428817049196 -0.753563195888572 -0.065256364543158  0.541845457806817
0.193350472664808  0.089511073228932 -0.752473489260707 -0.064464933321545  0.541957240068500
0.197682724851870  0.089597155415617 -0.751336306304146 -0.063638990783454  0.542073447747475
0.202112046411215  0.089687245805604 -0.750149666421154 -0.062777094604350  0.542194223770103
0.206640612300033  0.089781535625159 -0.748911514314799 -0.061877747844188  0.542319712438208
0.211270646208068  0.089880225605294 -0.747619717891895 -0.060939397396244  0.542450059051612
0.216004421649536  0.089983526483338 -0.746272066174860 -0.059960432440890  0.542585409477544
0.220844263079500  0.090091659532968 -0.744866267233347 -0.058939182912236  0.542725909660761
0.225792547035261  0.090204857112776 -0.743399946430070 -0.057873917847617  0.542871704741638
0.230851703303328  0.090323363276593 -0.741870643955624 -0.056762844114142  0.543022938956717
0.236024216112524  0.090447434413444 -0.740275812511826 -0.055604105120407  0.543179755346587
0.241312625353838  0.090577339870815 -0.738612816361636 -0.054395778955076  0.543342293888312
0.246719527827602  0.090713362670607 -0.736878929088335 -0.053135877222431  0.543510691093317
0.252247578518614  0.090855800248197 -0.735071331854123 -0.051822343741097  0.543685079030414
0.257899491899828  0.091004965233865 -0.733187111759768 -0.050453053316556  0.543865584239691
0.263678043265265  0.091161186279126 -0.731223260323035 -0.049025810601019  0.544052326527040
0.269586070092779  0.091324808930501 -0.729176672091938 -0.047538349053166  0.544245417629288
0.275626473437360  0.091496196553100 -0.727044143404482 -0.045988330007432  0.544444959740969
0.281802219355661  0.091675731307191 -0.724822371320739 -0.044373341872829  0.544651043888546
0.288116340362434  0.091863815180746 -0.722507952747836 -0.042690899477934  0.544863748139050
0.294571936919611  0.092060871081021 -0.720097383778679 -0.040938443579189  0.545083135629485
0.301172178958737  0.092267343987911 -0.717587059256566 -0.039113340543846  0.545309252405607
0.307920307437523  0.092483702172987 -0.714973272600092 -0.037212882235405  0.545542125050274
0.314819635931277  0.092710438487604 -0.712252215910016 -0.035234286120814  0.545781758085050
0.321873552259983  0.092948071723696 -0.709419980382761 -0.033174695621640  0.546028131126597
0.329085520151849  0.093197148050184 -0.706472557040491 -0.031031180721439  0.546281195783529
0.336459080944119  0.093458242529744 -0.703405837820588 -0.028800738866363  0.546540872266475
0.343997855322002  0.093731960719508 -0.700215617043451 -0.026480296179771  0.546807045691039
0.351705545096554  0.094018940359724 -0.696897593284596 -0.024066709017943  0.547079562049279
0.359585935022406  0.094319853153308 -0.693447371653436 -0.021556765878447  0.547358223831323
0.367642894656211  0.094635406641682 -0.689860466528380 -0.018947189708376  0.547642785260594
0.375880380256742  0.094966346180305 -0.686132304757781 -0.016234640632477  0.547932947117575
0.384302436727552  0.095313457017989 -0.682258229347921 -0.013415719132059  0.548228351119986
0.392913199603175  0.095677566482420 -0.678233503625735 -0.010486969683194  0.548528573836482
0.401716897079815  0.096059546277527 -0.674053315927734 -0.007444884911855  0.548833120085451
0.410717852091550  0.096460314895209 -0.669712784804779 -0.004285910281925  0.549141415788138
0.419920484433048  0.096880840144810 -0.665206964750475 -0.001006449348581  0.549452800235154
0.429329312929842  0.097322141801335 -0.660530852415486  0.002397130420341  0.549766517737828
0.438948957657241  0.097785294377345 -0.655679393352868  0.005928491187350  0.550081708601615
0.448784142208953  0.098271430018841 -0.650647489251424  0.009591317644797  0.550397399385128
0.458839696016540  0.098781741526322 -0.645430005639276  0.013389309239504  0.550712492394292
0.469120556720846  0.099317485498944 -0.640021779983647  0.017326171728140  0.551025754377505
0.479631772596552  0.099879985604148 -0.634417630215612  0.021405607985875  0.551335804343519
0.490378505031067  0.100470635968441 -0.628612363592683  0.025631308071553  0.551641100462565
0.501366031058955  0.101090904685661 -0.622600785845594  0.030006938521030  0.551939925993736
0.512599745953147  0.101742337434607 -0.616377710493889  0.034536130881750  0.552230374202818
0.524085165874218  0.102426561202183 -0.609937968339730  0.039222469399287  0.552510332182561
0.535827930579021  0.103145288098991 -0.603276417006328  0.044069477869535  0.552777463541774
0.547833806190011  0.103900319253860 -0.596387950433189  0.049080605629405  0.553029189912068
0.560108688026621  0.104693548767777 -0.589267508183669  0.054259212698770  0.553262671247285
0.572658603500075  0.105526967710461 -0.581910084563241  0.059608553965706  0.553474784831316
0.585489715073068  0.106402668130208 -0.574310737380791  0.065131762429180  0.553662102979491
0.598608323285755  0.107322847044674 -0.566464596236693  0.070831831462150  0.553820869395801
0.612020869849549  0.108289810371908 -0.558366870170420  0.076711596082706  0.553946974161307
0.625733940810227  0.109305976759612 -0.550012854631236  0.082773713080275  0.554035927240484
0.639754269781926  0.110373881253418 -0.541397937526847  0.089020639968150  0.554082830438216
0.654088741253582  0.111496178737076 -0.532517604115834  0.095454612656773  0.554082347658065
0.668744393969471  0.112675647064802 -0.523367440432254  0.102077621710295  0.554028673233675
0.683728424385482  0.113915189796398 -0.513943134987838  0.108891386859935  0.553915497911222
0.699048190202840  0.115217838421601 -0.504240478235844  0.115897329513274  0.553735971999922
0.714711213981003  0.116586753942762 -0.494255359261827  0.123096542842428  0.553482665018466
0.730725186831510  0.118025227663343 -0.483983759170050  0.130489758864166  0.553147520988816
0.747097972194596  0.119536681003932 -0.473421740786302  0.138077311649485  0.552721808339408
0.763837609700425  0.121124664130271 -0.462565434307125  0.145859095761772  0.552196063426753
0.780952319116841  0.122792853142665 -0.451411018866741  0.153834518812098  0.551560026749615
0.798450504385569  0.124545045534356 -0.439954700534215  0.162002446758419  0.550802571094080
0.816340757748858  0.126385153572657 -0.428192687875527  0.170361140365310  0.549911621162335
0.834631863968579  0.128317195196259 -0.416121166765625  0.178908181254943  0.548874064790852
0.853332804639864  0.130345281960350 -0.403736276837848  0.187640385934252  0.547675656432141
0.872452762601392  0.132473603483929 -0.391034092760245  0.196553705987229  0.546300914030534
0.892001126444498  0.134706407764143 -0.378010614097766  0.205643112653639  0.544733010997194
0.911987495123307  0.137047976630804 -0.364661768016270  0.214902464176300  0.542953665640633
0.932421682668172  0.139502595525741 -0.350983429605239  0.224324354563429  0.540943031158908
0.953313723004717  0.142074516662732 -0.336971465317019  0.233899942437404  0.538679589927333
0.974673874880855  0.144767914519219 -0.322621802480268  0.243618757562129  0.536140052633475
0.996512626904207  0.147586832557989 -0.307930514431582  0.253468474262651  0.533299242918560
1.018840702692389  0.150535119961284 -0.292893920271573  0.263434642921787  0.530129958448503
1.041669066138693  0.153616356941758 -0.277508709874176  0.273500375053541  0.526602813906936
1.065008926795757  0.156833767107955 -0.261772107305211  0.283645980146298  0.522686076610225
1.088871745379862  0.160190115211764 -0.245682099637809  0.293848565343417  0.518345530472776
1.113269239398559  0.163687588778841 -0.229237732852692  0.304081595048386  0.513544368493007
1.138213388904386  0.167327662028839 -0.212439473498526  0.314314403607946  0.508243107908463
1.163716442377509  0.171110940656730 -0.195289642617530  0.324511661407030  0.502399536587341
1.189790922740170  0.175036986240071 -0.177792929461190  0.334632798328262  0.495968704271943
1.216449633505897  0.179104119587811 -0.159956991199171  0.344631393101198  0.488902976161989
1.243705665066484  0.183309202598553 -0.141793142899438  0.354454539842243  0.481152168230247
1.271572401119860  0.187647399224772 -0.123317137533024  0.364042207890114  0.472663785023521
1.300063525241957  0.192111917136053 -0.104550031808908  0.373326616430698  0.463383383251708
1.329193027605847  0.196693733386826 -0.085519127825657  0.382231653547711  0.453255087686582
1.358975211851425  0.201381308546078 -0.066258975000740  0.390672374786017  0.442222287157454
1.389424702109009  0.206160296360473 -0.046812407567275  0.398554626337616  0.430228539938346
1.420556450180320  0.211013258366310 -0.027231583644490  0.405774845859283  0.417218717101890
1.452385742880356  0.215919396229638 -0.007578979729267  0.412220103631521  0.403140409739493
1.484928209543776  0.220854316709222  0.012071714926805  0.417768450888752  0.387945620639286
1.518199829699463  0.225789848256647  0.031634873706940  0.422289650460394  0.371592753137024
1.552216940917054  0.230693931074702  0.051012458323339  0.425646366086946  0.354048897570801
1.586996246829278  0.235530605781035  0.070093886944414  0.427695885150199  0.335292397777768
1.622554825334044  0.240260126211600  0.088756339418148  0.428292436896851  0.315315660074013
1.658910136980307  0.244839223715359  0.106865598707350  0.427290151813442  0.294128138085592
1.696080033541828  0.249221548253586  0.124277519304984  0.424546680215909  0.271759398585618
1.734082766783044  0.253358308029916  0.140840198809183  0.419927453021138  0.248262141081964
1.772936997421341  0.257199120469344  0.156396896435869  0.413310517375450  0.223715016476010
1.812661804290146  0.260693077998904  0.170789706894927  0.404591828131003  0.198225059756749
1.853276693707321  0.263790016519897  0.183863941954222  0.393690808397188  0.171929530327136
1.894801609053472  0.266441955983743  0.195473108133997  0.380555930718666  0.144996945154262
1.937256940564872  0.268604660018917  0.205484292200162  0.365170010247966  0.117627105266996
1.980663535345804  0.270239239660276  0.213783695305335  0.347554858848264  0.090049940528191
2.025042707605245  0.271313702840069  0.220281982560661  0.327774921448235  0.062523051703690
2.070416249122909  0.271804331412810  0.224919059922097  0.305939527759960  0.035327905294552
2.116806439949806  0.271696755257462  0.227667861187823  0.282203446290555  0.008764741087358
2.164236059348551  0.270986590216633  0.228536736658938  0.256765518583606 -0.016853650715040
2.212728396978805  0.269679517472023  0.227570081224920  0.229865282542051 -0.041209017644022
2.262307264333342  0.267790710397374  0.224846943584594  0.201777669698111 -0.063985246712568
2.312997006430352  0.265343566908473  0.220477511340715  0.172806054976905 -0.084876073350227
2.364822513767731  0.262367778019668  0.214597559420445  0.143274112043348 -0.103592513197087
2.417809234545209  0.258896867666061  0.207361176571189  0.113517072741863 -0.119869713621163
2.471983187160343  0.254965584837687  0.198932429858696  0.083873104690493 -0.133473158128367
2.527370972984488  0.250608315074483  0.189477382636977  0.054675599940552 -0.144204831113955
2.583999789425038  0.245858714179675  0.179157003008595  0.026246195066420 -0.151909689680990
2.641897443280330  0.240749572588219  0.168120548501622 -0.001111929507895 -0.156481863532731
2.701092364393795  0.235312755203403  0.156499865715719 -0.027120149998649 -0.157870182130322
2.761613619614038  0.229579225550605  0.144405232436878 -0.051529438994428 -0.156082680372012
2.823490927067708  0.223579128830455  0.131923314705666 -0.074123909369373 -0.151189719837727
2.886754670752184  0.217341938706417  0.119117721699343 -0.094722508169700 -0.143325425366408
2.951435915455206  0.210896626761151  0.106032395953233 -0.113178660947777 -0.132687201770645
3.017566422008817  0.204271802837710  0.092697748047402 -0.129377896236174 -0.119533222756673
3.085178662885081  0.197495800274382  0.079139048630554 -0.143233782643259 -0.104177958243128
3.154305838141236  0.190596659579262  0.065386120478457 -0.154682819454079 -0.086985963795149
3.224981891722132  0.183601987315908  0.051482950452625 -0.163679223533902 -0.068364351643771
3.297241528127931  0.176538715214030  0.037495548778856 -0.170190782337107 -0.048754503628761
3.371120229455272  0.169432796556704  0.023516310939848 -0.174196971258941 -0.028623620281657
3.446654272820270  0.162308903846223  0.009663413837164 -0.175690330065221 -0.008456623268937
3.523880748171885  0.155190209208065 -0.003925534809884 -0.174681617920545  0.011251271771338
3.602837576504437  0.148098305170449 -0.017105304385334 -0.171208491105755  0.030001378195207
3.683563528478182  0.141053273062994 -0.029738683717497 -0.165346488234784  0.047298284258723
3.766098243457112  0.134073846997184 -0.041712996679541 -0.157220151283781  0.062657505526795
3.850482248973313  0.127177564746764 -0.052953558660013 -0.147011435766640  0.075615312130631
3.936756980627454  0.120380767418854 -0.063429971715965 -0.134962433376792  0.085742001863781
4.024964802435168  0.113698351785875 -0.073152113735987 -0.121370129472513  0.092659429156376
4.115149027629311  0.107143293617612 -0.082154870981222 -0.106572494336702  0.096062661323416
4.207353939928332  0.100726111428899 -0.090473814448151 -0.090927486842286  0.095744311895130
4.301624815281179  0.094454581769606 -0.098117370636448 -0.074788948193432  0.091618734861161
4.398007944099430  0.088334041578081 -0.105043461193601 -0.058485112603504  0.083742251242794
4.496550653987557  0.082368454749167 -0.111148895083726 -0.042305684639760  0.072325411639906
4.597301332982498  0.076562045420592 -0.116277159649187 -0.026501565547911  0.057734314757894
4.700309453313933  0.070920849558429 -0.120244836151523 -0.011297417592155  0.040480124519501
4.805625595696932  0.065453229121756 -0.122880074660371  0.003087599548884  0.021198632642061
4.913301474168928  0.060168511842221 -0.124060919454870  0.016419626553710  0.000623984469388
5.023389961483173  0.055073654184714 -0.123739642965958  0.028440297448252 -0.020438482366100
5.135945115071177  0.050169020010187 -0.121943398697621  0.038874191931214 -0.041136799255844
5.251022203586859  0.045445516811609 -0.118750852607174  0.047453684987489 -0.060594184675747
5.368677734045464  0.040885570753391 -0.114255346676192  0.053953462024306 -0.077931880867228
5.488969479570545  0.036469083082354 -0.108532138145048  0.058221873500326 -0.092298977004817
5.611956507762661  0.032182677448392 -0.101625626597023  0.060197372726241 -0.102914016996144
5.737699209703706  0.028027472471265 -0.093561711737678  0.059905869675393 -0.109118290068804
5.866259329611117  0.024019494295744 -0.084375838064056  0.057445200417733 -0.110434305237675
5.997699995156519  0.020179569597733 -0.074138060090687  0.052969513997702 -0.106618706757044
6.132085748463692  0.016515956892993 -0.062959939879930  0.046683940263666 -0.097699854782825
6.269482577801096  0.013009777832936 -0.050983293809735  0.038849166993430 -0.083996123645100
6.409957949984498  0.009615099429553 -0.038366652421731  0.029784395052341 -0.066117443654114
6.553580843505615  0.006278406015439 -0.025287420448275  0.019855834045726 -0.044954172093969
6.700421782403056  0.002968245986585 -0.011961032232139  0.009449920861982 -0.021651823648421
6.850552870892173  0.000046155266126 -0.000156105914971  0.000126360512152 -0.000286420150768
7.004047828770845  0.000000000000000  0.000000000000000  0.000000000000000  0.000000000000000
7.160982027618561  0.000000000000000  0.000000000000000  0.000000000000000  0.000000000000000
7.321432527806597  0.000000000000000  0.000000000000000  0.000000000000000  0.000000000000000
7.485478116337446  0.000000000000000  0.000000000000000  0.000000000000000  0.000000000000000
7.653199345532093  0.000000000000000  0.000000000000000  0.000000000000000  0.000000000000000
7.824678572584102  0.000000000000000  0.000000000000000  0.000000000000000  0.000000000000000