0.000123409804087  0.000000050606717  0.000000059227945  0.000000079599930  0.000000045444783
0.000126174950643  0.000000052899933  0.000000061911828  0.000000083206958  0.000000047504089
0.000129002053667  0.000000055297065  0.000000064717330  0.000000086977438  0.000000049656712
0.000131892501367  0.000000057802822  0.000000067649960  0.000000090918773  0.000000051906879
0.000134847713059  0.000000060422127  0.000000070715483  0.000000095038709  0.000000054259012
0.000137869139859  0.000000063160122  0.000000073919917  0.000000099345337  0.000000056717730
0.000140958265396  0.000000066022190  0.000000077269559  0.000000103847118  0.000000059287863
0.000144116606543  0.000000069013950  0.000000080770987  0.000000108552895  0.000000061974461
0.000147345714159  0.000000072141281  0.000000084431082  0.000000113471911  0.000000064782801
0.000150647173853  0.000000075410324  0.000000088257031  0.000000118613830  0.000000067718399
0.000154022606762  0.000000078827503  0.000000092256350  0.000000123988752  0.000000070787022
0.000157473670345  0.000000082399529  0.000000096436898  0.000000129607237  0.000000073994698
0.000161002059200  0.000000086133420  0.000000100806884  0.000000135480319  0.000000077347729
0.000164609505892  0.000000090036510  0.000000105374895  0.000000141619537  0.000000080852700
0.000168297781810  0.000000094116466  0.000000110149900  0.000000148036951  0.000000084516496
0.000172068698029  0.000000098381304  0.000000115141285  0.000000154745166  0.000000088346316
0.000175924106206  0.000000102839400  0.000000120358850  0.000000161757360  0.000000092349682
0.000179865899486  0.000000107499512  0.000000125812847  0.000000169087308  0.000000096534459
0.000183896013432  0.000000112370795  0.000000131513988  0.000000176749409  0.000000100908866
0.000188016426977  0.000000117462817  0.000000137473474  0.000000184758714  0.000000105481497
0.000192229163391  0.000000122785582  0.000000143703010  0.000000193130956  0.000000110261335
0.000196536291282  0.000000128349545  0.000000150214835  0.000000201882582  0.000000115257767
0.000200939925605  0.000000134165636  0.000000157021740  0.000000211030782  0.000000120480612
0.000205442228703  0.000000140245281  0.000000164137096  0.000000220593529  0.000000125940126
0.000210045411371  0.000000146600421  0.000000171574880  0.000000230589607  0.000000131647035
0.000214751733938  0.000000153243540  0.000000179349703  0.000000241038651  0.000000137612550
0.000219563507378  0.000000160187688  0.000000187476839  0.000000251961188  0.000000143848389
0.000224483094447  0.000000167446508  0.000000195972251  0.000000263378674  0.000000150366801
0.000229512910839  0.000000175034257  0.000000204852628  0.000000275313537  0.000000157180593
0.000234655426377  0.000000182965841  0.000000214135414  0.000000287789222  0.000000164303147
0.000239913166222  0.000000191256840  0.000000223838845  0.000000300830235  0.000000171748456
0.000245288712114  0.000000199923541  0.000000233981981  0.000000314462196  0.000000179531144
0.000250784703641  0.000000208982968  0.000000244584749  0.000000328711880  0.000000187666502
0.000256403839534  0.000000218452920  0.000000255667974  0.000000343607283  0.000000196170508
0.000262148878991  0.000000228351997  0.000000267253430  0.000000359177661  0.000000205059870
0.000268022643036  0.000000238699645  0.000000279363875  0.000000375453603  0.000000214352047
0.000274028015898  0.000000249516191  0.000000292023098  0.000000392467081  0.000000224065294
0.000280167946434  0.000000260822883  0.000000305255966  0.000000410251514  0.000000234218693
0.000286445449571  0.000000272641932  0.000000319088474  0.000000428841839  0.000000244832187
0.000292863607790  0.000000284996555  0.000000333547795  0.000000448274575  0.000000255926625
0.000299425572640  0.000000297911020  0.000000348662332  0.000000468587896  0.000000267523802
0.000306134566283  0.000000311410698  0.000000364461776  0.000000489821703  0.000000279646498
0.000312993883077  0.000000325522106  0.000000380977163  0.000000512017707  0.000000292318528
0.000320006891196  0.000000340272965  0.000000398240935  0.000000535219512  0.000000305564784
0.000327177034279  0.000000355692250  0.000000416287006  0.000000559472694  0.000000319411286
0.000334507833127  0.000000371810253  0.000000435150824  0.000000584824895  0.000000333885236
0.000342002887428  0.000000388658635  0.000000454869446  0.000000611325916  0.000000349015064
0.000349665877524  0.000000406270490  0.000000475481606  0.000000639027817  0.000000364830492
0.000357500566220  0.000000424680418  0.000000497027794  0.000000667985015  0.000000381362588
0.000365510800633  0.000000443924581  0.000000519550336  0.000000698254392  0.000000398643826
0.000373700514077  0.000000464040784  0.000000543093473  0.000000729895408  0.000000416708154
0.000382073727999  0.000000485068541  0.000000567703455  0.000000762970219  0.000000435591057
0.000390634553948  0.000000507049159  0.000000593428625  0.000000797543797  0.000000455329628
0.000399387195601  0.000000530025817  0.000000620319515  0.000000833684057  0.000000475962642
0.000408335950822  0.000000554043649  0.000000648428950  0.000000871461993  0.000000497530629
0.000417485213772  0.000000579149836  0.000000677812150  0.000000910951813  0.000000520075957
0.000426839477072  0.000000605393696  0.000000708526831  0.000000952231094  0.000000543642914
0.000436403334003  0.000000632826782  0.000000740633329  0.000000995380921  0.000000568277794
0.000446181480764  0.000000661502983  0.000000774194717  0.000001040486058  0.000000594028990
0.000456178718781  0.000000691478630  0.000000809276917  0.000001087635108  0.000000620947087
0.000466399957058  0.000000722812607  0.000000845948848  0.000001136920690  0.000000649084962
0.000476850214594  0.000000755566465  0.000000884282546  0.000001188439620  0.000000678497888
0.000487534622843  0.000000789804545  0.000000924353313  0.000001242293102  0.000000709243645
0.000498458428236  0.000000825594106  0.000000966239862  0.000001298586921  0.000000741382629
0.000509626994758  0.000000863005450  0.000001010024476  0.000001357431663  0.000000774977971
0.000521045806577  0.000000902112068  0.000001055793163  0.000001418942920  0.000000810095668
0.000532720470746  0.000000942990781  0.000001103635830  0.000001483241523  0.000000846804702
0.000544656719945  0.000000985721889  0.000001153646460  0.000001550453780  0.000000885177184
0.000556860415305  0.000001030389333  0.000001205923291  0.000001620711719  0.000000925288493
0.000569337549283  0.000001077080856  0.000001260569014  0.000001694153355  0.000000967217423
0.000582094248602  0.000001125888179  0.000001317690974  0.000001770922956  0.000001011046338
0.000595136777264  0.000001176907177  0.000001377401381  0.000001851171325  0.000001056861333
0.000608471539623  0.000001230238073  0.000001439817528  0.000001935056100  0.000001104752408
0.000622105083529  0.000001285985626  0.000001505062022  0.000002022742063  0.000001154813638
0.000636044103545  0.000001344259348  0.000001573263031  0.000002114401461  0.000001207143364
0.000650295444236  0.000001405173709  0.000001644554524  0.000002210214349  0.000001261844378
0.000664866103525  0.000001468848369  0.000001719076546  0.000002310368939  0.000001319024137
0.000679763236133  0.000001535408408  0.000001796975485  0.000002415061972  0.000001378794961
0.000694994157091  0.000001604984577  0.000001878404364  0.000002524499103  0.000001441274263
0.000710566345333  0.000001677713549  0.000001963523140  0.000002638895310  0.000001506584777
0.000726487447367  0.000001753738191  0.000002052499017  0.000002758475308  0.000001574854795
0.000742765281030  0.000001833207842  0.000002145506775  0.000002883473997  0.000001646218427
0.000759407839328  0.000001916278615  0.000002242729117  0.000003014136921  0.000001720815857
0.000776423294359  0.000002003113688  0.000002344357025  0.000003150720750  0.000001798793622
0.000793820001327  0.000002093883640  0.000002450590131  0.000003293493787  0.000001880304900
0.000811606502645  0.000002188766776  0.000002561637116  0.000003442736490  0.000001965509809
0.000829791532129  0.000002287949484  0.000002677716117  0.000003598742025  0.000002054575723
0.000848384019286  0.000002391626595  0.000002799055157  0.000003761816847  0.000002147677601
0.000867393093701  0.000002500001769  0.000002925892589  0.000003932281294  0.000002244998329
0.000886828089517  0.000002613287896  0.000003058477566  0.000004110470220  0.000002346729082
0.000906698550020  0.000002731707512  0.000003197070534  0.000004296733655  0.000002453069694
0.000927014232326  0.000002855493238  0.000003341943740  0.000004491437487  0.000002564229060
0.000947785112169  0.000002984888235  0.000003493381767  0.000004694964185  0.000002680425536
0.000969021388804  0.000003120146682  0.000003651682092  0.000004907713550  0.000002801887376
0.000990733490012  0.000003261534278  0.000003817155674  0.000005130103498  0.000002928853174
0.001012932077218  0.000003409328759  0.000003990127561  0.000005362570885  0.000003061572337
0.001035628050734  0.000003563820450  0.000004170937533  0.000005605572358  0.000003200305576
0.001058832555103  0.000003725312828  0.000004359940762  0.000005859585262  0.000003345325410
0.001082556984578  0.000003894123124  0.000004557508518  0.000006125108567  0.000003496916712
0.001106812988711  0.000004070582945  0.000004764028893  0.000006402663857  0.000003655377263
0.001131612478078  0.000004255038920  0.000004979907564  0.000006692796347  0.000003821018334
0.001156967630127  0.000004447853388  0.000005205568590  0.000006996075961  0.000003994165305
0.001182890895154  0.000004649405110  0.000005441455250  0.000007313098446  0.000004175158299
0.001209395002420  0.000004860090006  0.000005688030903  0.000007644486548  0.000004364352849
0.001236492966403  0.000005080321935  0.000005945779908  0.000007990891226  0.000004562120600
0.001264198093182  0.000005310533514  0.000006215208572  0.000008352992939  0.000004768850038
0.001292523986978  0.000005551176961  0.000006496846141  0.000008731502982  0.000004984947252
0.001321484556829  0.000005802724987  0.000006791245847  0.000009127164878  0.000005210836734
0.001351094023424  0.000006065671723  0.000007098985987  0.000009540755841  0.000005446962207
0.001381366926082  0.000006340533689  0.000007420671064  0.000009973088305  0.000005693787505
0.001412318129895  0.000006627850811  0.000007756932973  0.000010425011517  0.000005951797476
0.001443962833022  0.000006928187484  0.000008108432240  0.000010897413206  0.000006221498942
0.001476316574160  0.000007242133672  0.000008475859321  0.000011391221325  0.000006503421686
0.001509395240165  0.000007570306078  0.000008859935960  0.000011907405879  0.000006798119501
0.001543215073859  0.000007913349348  0.000009261416603  0.000012446980822  0.000007106171273
0.001577792682006  0.000008271937336  0.000009681089884  0.000013011006054  0.000007428182117
0.001613145043463  0.000008646774434  0.000010119780169  0.000013600589505  0.000007764784571
0.001649289517517  0.000009038596953  0.000010578349178  0.000014216889305  0.000008116639830
0.001686243852414  0.000009448174564  0.000011057697679  0.000014861116061  0.000008484439055
0.001724026194070  0.000009876311819  0.000011558767254  0.000015534535238  0.000008868904722
0.001762655094981  0.000010323849723  0.000012082542149  0.000016238469640  0.000009270792045
0.001802149523337  0.000010791667393  0.000012630051209  0.000016974302010  0.000009690890457
0.001842528872331  0.000011280683778  0.000013202369895  0.000017743477746  0.000010130025165
0.001883812969685  0.000011791859469  0.000013800622401  0.000018547507742  0.000010589058766
0.001926022087384  0.000012326198585  0.000014425983858  0.000019387971349  0.000011068892943
0.001969176951634  0.000012884750740  0.000015079682644  0.000020266519485  0.000011570470237
0.002013298753033  0.000013468613113  0.000015763002793  0.000021184877869  0.000012094775896
0.002058409156984  0.000014078932598  0.000016477286523  0.000022144850418  0.000012642839813
0.002104530314328  0.000014716908057  0.000017223936866  0.000023148322786  0.000013215738544
0.002151684872221  0.000015383792674  0.000018004420426  0.000024197266066  0.000013814597431
0.002199895985259  0.000016080896421  0.000018820270259  0.000025293740668  0.000014440592800
0.002249187326843  0.000016809588623  0.000019673088883  0.000026439900354  0.000015094954281
0.002299583100804  0.000017571300656  0.000020564551426  0.000027637996479  0.000015778967222
0.002351108053293  0.000018367528752  0.000021496408915  0.000028890382405  0.000016493975208
0.002403787484926  0.000019199836940  0.000022470491711  0.000030199518126  0.000017241382704
0.002457647263210  0.000020069860119  0.000023488713113  0.000031567975099  0.000018022657811
0.002512713835245  0.000020979307268  0.000024553073102  0.000032998441292  0.000018839335153
0.002569014240712  0.000021929964799  0.000025665662277  0.000034493726464  0.000019693018885
0.002626576125147  0.000022923700072  0.000026828665963  0.000036056767683  0.000020585385848
0.002685427753518  0.000023962465059  0.000028044368489  0.000037690635093  0.000021518188861
0.002745598024105  0.000025048300174  0.000029315157686  0.000039398537943  0.000022493260159
0.002807116482688  0.000026183338290  0.000030643529569  0.000041183830884  0.000023512514999
0.002870013337058  0.000027369808915  0.000032032093241  0.000043050020567  0.000024577955415
0.002934319471845  0.000028610042582  0.000033483576009  0.000045000772521  0.000025691674149
0.003000066463690  0.000029906475420  0.000035000828753  0.000047039918348  0.000026855858765
0.003067286596744  0.000031261653936  0.000036586831504  0.000049171463255  0.000028072795941
0.003136012878526  0.000032678240025  0.000038244699309  0.000051399593912  0.000029344875960
0.003206279056128  0.000034159016187  0.000039977688342  0.000053728686672  0.000030674597403
0.003278119632786  0.000035706890996  0.000041789202293  0.000056163316167  0.000032064572057
0.003351569884822  0.000037324904812  0.000043682799058  0.000058708264286  0.000033517530040
0.003426665878969  0.000039016235751  0.000045662197712  0.000061368529569  0.000035036325165
0.003503444490078  0.000040784205926  0.000047731285819  0.000064149337011  0.000036623940539
0.003581943419226  0.000042632287968  0.000049894127057  0.000067056148328  0.000038283494425
0.003662201212228  0.000044564111848  0.000052154969198  0.000070094672678  0.000040018246362
0.003744257278564  0.000046583472004  0.000054518252442  0.000073270877863  0.000041831603557
0.003828151910733  0.000048694334789  0.000056988618136  0.000076591002050  0.000043727127590
0.003913926304036  0.000050900846263  0.000059570917878  0.000080061566013  0.000045708541390
0.004001622576804  0.000053207340331  0.000062270223041  0.000083689385936  0.000047779736552
0.004091283791081  0.000055618347252  0.000065091834727  0.000087481586787  0.000049944780976
0.004182953973768  0.000058138602535  0.000068041294167  0.000091445616306  0.000052207926851
0.004276678138243  0.000060773056236  0.000071124393593  0.000095589259624  0.000054573618998
0.004372502306461  0.000063526882677  0.000074347187607  0.000099920654538  0.000057046503601
0.004470473531558  0.000066405490599  0.000077716005059  0.000104448307486  0.000059631437321
0.004570639920952  0.000069414533790  0.000081237461464  0.000109181110236  0.000062333496834
0.004673050659963  0.000072559922177  0.000084918471976  0.000114128357339  0.000065157988787
0.004777756035972  0.000075847833427  0.000088766264963  0.000119299764365  0.000068110460222
0.004884807463108  0.000079284725079  0.000092788396179  0.000124705486969  0.000071196709451
0.004994257507495  0.000082877347216  0.000096992763585  0.000130356140812  0.000074422797445
0.005106159913066  0.000086632755716  0.000101387622844  0.000136262822396  0.000077795059717
0.005220569627953  0.000090558326099  0.000105981603507  0.000142437130829  0.000081320118767
0.005337542831467  0.000094661768006  0.000110783725936  0.000148891190578  0.000085004897060
0.005457136961682  0.000098951140329  0.000115803419000  0.000155637675257  0.000088856630621
0.005579410743647  0.000103434867028  0.000121050538553  0.000162689832487  0.000092882883225
0.005704424218212  0.000108121753663  0.000126535386762  0.000170061509872  0.000097091561235
0.005832238771519  0.000113021004672  0.000132268732303  0.000177767182165  0.000101490929115
0.005962917165138  0.000118142241437  0.000138261831470  0.000185821979653  0.000106089625638
0.006096523566891  0.000123495521158  0.000144526450239  0.000194241717821  0.000110896680831
0.006233123582356  0.000129091356593  0.000151074887325  0.000203042928374  0.000115921533686
0.006372784287084  0.000134940736679  0.000157919998284  0.000212242891634  0.000121174050670
0.006515574259536  0.000141055148094  0.000165075220707  0.000221859670435  0.000126664545074
0.006661563614756  0.000147446597791  0.000172554600540  0.000231912145513  0.000132403797234
0.006810824038801  0.000154127636552  0.000180372819605  0.000242420052528  0.000138403075667
0.006963428823941  0.000161111383609  0.000188545224354  0.000253404020739  0.000144674159167
0.007119452904649  0.000168411552374  0.000197087855926  0.000264885613428  0.000151229359891
0.007278972894395  0.000176042477334  0.000206017481562  0.000276887370156  0.000158081547493
0.007442067123267  0.000184019142171  0.000215351627430  0.000289432850925  0.000165244174349
0.007608815676434  0.000192357209135  0.000225108612935  0.000302546682328  0.000172731301918
0.007779300433471  0.000201073049764  0.000235307586577  0.000316254605791  0.000180557628298
0.007953605108563  0.000210183776980  0.000245968563426  0.000330583527985  0.000188738517025
0.008131815291614  0.000219707278641  0.000257112464283  0.000345561573522  0.000197290027167
0.008314018490274  0.000229662252605  0.000268761156607  0.000361218140014  0.000206228944782
0.008500304172907  0.000240068243388  0.000280937497291  0.000377583955630  0.000215572815799
0.008690763812525  0.000250945680465  0.000293665377356  0.000394691139245  0.000225339980375
0.008885490931705  0.000262315918310  0.000306969768662  0.000412573263291  0.000235549608804
0.009084581148509  0.000274201278241  0.000320876772727  0.000431265419458  0.000246221739053
0.009288132223439  0.000286625092160  0.000335413671733  0.000450804287339  0.000257377315978
0.009496244107439  0.000299611748260  0.000350608981831  0.000471228206185  0.000269038232326
0.009709018990978  0.000313186738798  0.000366492508845  0.000492577249875  0.000281227371563
0.009926561354222  0.000327376710030  0.000383095406485  0.000514893305275  0.000293968652655
0.010148978018346  0.000342209514396  0.000400450237162  0.000538220154121  0.000307287076847
0.010376378197980  0.000357714265051  0.000418591035547  0.000562603558581  0.000321208776568
0.010608873554844  0.000373921392875  0.000437553374986  0.000588091350679  0.000335761066523
0.010846578252571  0.000390862706033  0.000457374436880  0.000614733525726  0.000350972497088
0.011089609012772  0.000408571452239  0.000478093083201  0.000642582339970  0.000366872910119
0.011338085172344  0.000427082383819  0.000499749932247  0.000671692412616  0.000383493497261
0.011592128742075  0.000446431825700  0.000522387437786  0.000702120832441  0.000400866860883
0.011851864466552  0.000466657746478  0.000546049971767  0.000733927269198  0.000419027077751
0.012117419885416  0.000487799832672  0.000570783910715  0.000767174090014  0.000438009765572
0.012388925395988  0.000509899566341  0.000596637726002  0.000801926481018  0.000457852152513
0.012666514317299  0.000533000306169  0.000623662078163  0.000838252574424  0.000478593149858
0.012950322955557  0.000557147372232  0.000651909915408  0.000876223581300  0.000500273427914
0.013240490671075  0.000582388134550  0.000681436576560  0.000915913930307  0.000522935495336
0.013537159946702  0.000608772105644  0.000712299898571  0.000957401412637  0.000546623781996
0.013840476457789  0.000636351037245  0.000744560328845  0.001000767333439  0.000571384725582
0.014150589143720  0.000665179021349  0.000778281042562  0.001046096670028  0.000597266862066
0.014467650281049  0.000695312595822  0.000813528065241  0.001093478237162  0.000624320920233
0.014791815558267  0.000726810854743  0.000850370400744  0.001143004859706  0.000652599920440
0.015123244152259  0.000759735563701  0.000888880164985  0.001194773553002  0.000682159277787
0.015462098806458  0.000794151280267  0.000929132725584  0.001248885711299  0.000713056909912
0.015808545910764  0.000830125479878  0.000971206847706  0.001305447304576  0.000745353349594
0.016162755583242  0.000867728687358  0.001015184846392  0.001364569084137  0.000779111862396
0.016524901753662  0.000907034614337  0.001061152745623  0.001426366797367  0.000814398569543
0.016895162248900  0.000948120302826  0.001109200444435  0.001490961412031  0.000851282576297
0.017273718880258  0.000991066275223  0.001159421890385  0.001558479350558  0.000889836106040
0.017660757532744  0.001035956691035  0.001211915260667  0.001629052734717  0.000930134640341
0.018056468256343  0.001082879510594  0.001266783151226  0.001702819641160  0.000972257065241
0.018461045359342  0.001131926666112  0.001324132774211  0.001779924368285  0.001016285824054
0.018874687503740  0.001183194240368  0.001384076164112  0.001860517714919  0.001062307076946
0.019297597802801  0.001236782653367  0.001446730392956  0.001944757271335  0.001110410867608
0.019729983920786  0.001292796857332  0.001512217794951  0.002032807723111  0.001160691297308
0.020172058174929  0.001351346540393  0.001580666200966  0.002124841168420  0.001213246706650
0.020624037639688  0.001412546339336  0.001652209183285  0.002221037449291  0.001268179865389
0.021086144253337  0.001476516061836  0.001726986311039  0.002321584497460  0.001325598170620
0.021558604926948  0.001543380918565  0.001805143416768  0.002426678695413  0.001385613853725
0.022041651655811  0.001613271765613  0.001886832874608  0.002536525253298  0.001448344196434
0.022535521633351  0.001686325357678  0.001972213890541  0.002651338602344  0.001513911756413
0.023040457367601  0.001762684612479  0.002061452805239  0.002771342805500  0.001582444602766
0.023556706800282  0.001842498886885  0.002154723409995  0.002896771986012  0.001654076561860
0.024084523428547  0.001925924265267  0.002252207276309  0.003027870774702  0.001728947473966
0.024624166429465  0.002013123860603  0.002354094099655  0.003164894776722  0.001807203461098
0.025175900787278  0.002104268128873  0.002460582058012  0.003308111058572  0.001888997206577
0.025739997423525  0.002199535197318  0.002571878185759  0.003457798656248  0.001974488246788
0.026316733330069  0.002299111207172  0.002688198763549  0.003614249105396  0.002063843275641
0.026906391705113  0.002403190671468  0.002809769724794  0.003777766994339  0.002157236462269
0.027509262092259  0.002511976848551  0.002936827079406  0.003948670540932  0.002254849782509
0.028125640522687  0.002625682131988  0.003069617355478  0.004127292194197  0.002356873364726
0.028755829660514  0.002744528457556  0.003208398059628  0.004313979261782  0.002463505850581
0.029400138951412  0.002868747728022  0.003353438156677  0.004509094564206  0.002574954771353
0.030058884774563  0.002998582256474  0.003505018569431  0.004713017117010  0.002691436940424
0.030732390598006  0.003134285228955  0.003663432699297  0.004926142841877  0.002813178862600
0.031420987137476  0.003276121187242  0.003828986968589  0.005148885307920  0.002940417160942
0.032125012518795  0.003424366532573  0.004002001385223  0.005381676504246  0.003073399021807
0.032844812443904  0.003579310051199  0.004182810130691  0.005624967645019  0.003212382658784
0.033580740360617  0.003741253462634  0.004371762172099  0.005879230008269  0.003357637796310
0.034333157636176  0.003910511991594  0.004569221899232  0.006144955809777  0.003509446173730
0.035102433734693  0.004087414964511  0.004775569787405  0.006422659113265  0.003668102070561
0.035888946398574  0.004272306431661  0.004991203087031  0.006712876778271  0.003833912853780
0.036693081834003  0.004465545815903  0.005216536540816  0.007016169447079  0.004007199547983
0.037515234900579  0.004667508589160  0.005452003129588  0.007333122572220  0.004188297429290
0.038355809305215  0.004878586977642  0.005698054847539  0.007664347485832  0.004377556643843
0.039215217800363  0.005099190697015  0.005955163507910  0.008010482512425  0.004575342851789
0.040093882386698  0.005329747718643  0.006223821580033  0.008372194126550  0.004782037897705
0.040992234520332  0.005570705068169  0.006504543058821  0.008750178157012  0.004998040508451
0.041910715324675  0.005822529657602  0.006797864367446  0.009145161038980  0.005223767019299
0.042849775807043  0.006085709152201  0.007104345294265  0.009557901115663  0.005459652129412
0.043809877080118  0.006360752873498  0.007424569964923  0.009989189991144  0.005706149687618
0.044791490588373  0.006648192739822  0.007759147850716  0.010439853936109  0.005963733509611
0.045795098339566  0.006948584245635  0.008108714813845  0.010910755347816  0.006232898227442
0.046821193141425  0.007262507481116  0.008473934190619  0.011402794266038  0.006514160172409
0.047870278843633  0.007590568193465  0.008855497913435  0.011916909946617  0.006808058292422
0.048942870585237  0.007933398891453  0.009254127672574  0.012454082494392  0.007115155104946
0.050039495047602  0.008291659994589  0.009670576118175  0.013015334556700  0.007436037686414
0.051160690713026  0.008666041028504  0.010105628103354  0.013601733079186  0.007771318699244
0.052307008129158  0.009057261868127  0.010560101969122  0.014214391125511  0.008121637457535
0.053479010179337  0.009466074030311  0.011034850871887  0.014854469762571  0.008487661032548
0.054677272358985  0.009893262017301  0.011530764153525  0.015523180012148  0.008870085398753
0.055902383058199  0.010339644712746  0.012048768754696  0.016221784870576  0.009269636621542
0.057154943850671  0.010806076831958  0.012589830671752  0.016951601397793  0.009687072087649
0.058435569789082  0.011293450428054  0.013154956457512  0.017714002877020  0.010123181779216
0.059744889707114  0.011802696455383  0.013745194765287  0.018510421045469  0.010578789592105
0.061083546528233  0.012334786391976  0.014361637936268  0.019342348397243  0.011054754699380
0.062452197581387  0.012890733922723  0.015005423630149  0.020211340559401  0.011551972960864
0.063851514923775  0.013471596684831  0.015677736498292  0.021119018741620  0.012071378379364
0.065282185670855  0.014078478076838  0.016379809897964  0.022067072259030  0.012613944603801
0.066744912333743  0.014712529132794  0.017112927646773  0.023057261128555  0.013180686479808
0.068240413164167  0.015374950463290  0.017878425816406  0.024091418739069  0.013772661648424
0.069769422507160  0.016066994264511  0.018677694563435  0.025171454594271  0.014390972192786
0.071332691161644  0.016789966396343  0.019512179994403  0.026299357126687  0.015036766332496
0.072930986749107  0.017545228530784  0.020383386062811  0.027477196581634  0.015711240165563
0.074565094090526  0.018334200372179  0.021292876495881  0.028707127970327  0.016415639458011
0.076235815591746  0.019158361949683  0.022242276746464  0.029991394088650  0.017151261479929
0.077943971637490  0.020019255982547  0.023233275965425  0.031332328598122  0.017919456886733
0.079690400994196  0.020918490318768  0.024267628989776  0.032732359165527  0.018721631644420
0.081475961221884  0.021857740448163  0.025347158342660  0.034194010658680  0.019559248998063
0.083301529095247  0.022838752089053  0.026473756236858  0.035719908390985  0.020433831480436
0.085168001034181  0.023863343848279  0.027649386574578  0.037312781408696  0.021346962958249
0.087076293543958  0.024933409953928  0.028876086935236  0.038975465813657  0.022300290712926
0.089027343665263  0.026050923060970  0.030155970544773  0.040710908116321  0.023295527553862
0.091022109434317  0.027217937126974  0.031491228212805  0.042522168606012  0.024334453958166
0.093061570353305  0.028436590356248  0.032884130226679  0.044412424728414  0.025418920232396
0.095146727871350  0.029709108209870  0.034337028189124  0.046384974457706  0.026550848690462
0.097278605876257  0.031037806480373  0.035852356789307  0.048443239654059  0.027732235843564
0.099458251197281  0.032425094425065  0.037432635485929  0.050590769385180  0.028965154591891
0.101686734119161  0.033873477954269  0.039080470086348  0.052831243196276  0.030251756410666
0.103965148907660  0.035385562868880  0.040798554201453  0.055168474308118  0.031594273520695
0.106294614346901  0.036964058143770  0.042589670560740  0.057606412727986  0.032995021036087
0.108676274288718  0.038611779246184  0.044456692155602  0.060149148240286  0.034456399072688
0.111111298214340  0.040331651482250  0.046402583187966  0.062800913253404  0.035980894805591
0.113600881808639  0.042126713361503  0.048430399794444  0.065566085471595  0.037571084460048
0.116146247547263  0.044000119972361  0.050543290523132  0.068449190368135  0.039229635223793
0.118748645296907  0.045955146350635  0.052744496516522  0.071454903409913  0.040959307055397
0.121409352929053  0.047995190829521  0.055037351368699  0.074588051999317  0.042762954371094
0.124129676947440  0.050123778354420  0.057425280614334  0.077853617087327  0.044643527586200
0.126910953129615  0.052344563749997  0.059911800816668  0.081256734421887  0.046604074492249
0.129754547182840  0.054661334911519  0.062500518188807  0.084802695359184  0.048647741432128
0.132661855414709  0.057078015902030  0.065195126704907  0.088496947189168  0.050777774247269
0.135634305418782  0.059598669929486  0.067999405642786  0.092345092909534  0.052997518961822
0.138673356775588  0.062227502182924  0.070917216511959  0.096352890395299  0.055310422174995
0.141780501769331  0.064968862485677  0.073952499277032  0.100526250861769  0.057720031107043
0.144957266120654  0.067827247737321  0.077109267818725  0.104871236553092  0.060229993261395
0.148205209735823  0.070807304105703  0.080391604554856  0.109394057565466  0.062844055652969
0.151525927472702  0.073913828935926  0.083803654158332  0.114101067729029  0.065566063559715
0.154921049923881  0.077151772315055  0.087349616252545  0.118998759408133  0.068399958720629
0.158392244217355  0.080526238250365  0.091033737009743  0.124093757127733  0.071349776927110
0.161941214835151  0.084042485405364  0.094860299553348  0.129392809904371  0.074419644938541
0.165569704450282  0.087705927342780  0.098833613080619  0.134902782175118  0.077613776659496
0.169279494782471  0.091522132187695  0.102958000552685  0.140630643137747  0.080936468473265
0.173072407473030  0.095496821649561  0.107237784859792  0.146583454379918  0.084392093658088
0.176950304979363  0.099635869325132  0.111677273342292  0.152768355641324  0.087985095793403
0.180915091489490  0.103945298206365  0.116280740560314  0.159192548562899  0.091719981066839
0.184968713857079  0.108431277273781  0.121052409125871  0.165863278183543  0.095601309341716
0.189113162557416  0.113100117088153  0.125996428489778  0.172787812027829  0.099633683885477
0.193350472664808  0.117958264275336  0.131116851550697  0.179973416594533  0.103821739639408
0.197682724851870  0.123012294793346  0.136417608955714  0.187427331052213  0.108170129905226
0.202112046411215  0.128268905822234  0.141902480881514  0.195156737848997  0.112683511268504
0.206640612300033  0.133734906156034  0.147575066181722  0.203168730045012  0.117366526628116
0.211270646208068  0.139417204960387  0.153438748773328  0.211470275152998  0.122223786185077
0.216004421649536  0.145322798737904  0.159496661114291  0.220068175239209  0.127259846221862
0.220844263079500  0.151458756296617  0.165751644560530  0.228969022950890  0.132479185452278
0.225792547035261  0.157832201520564  0.172206206574902  0.238179153212127  0.137886178724997
0.230851703303328  0.164450293913796  0.178862474440669  0.247704590517219  0.143485068100526
0.236024216112524  0.171320206585075  0.185722145548805  0.257550991405283  0.149279930927509
0.241312625353838  0.178449101262423  0.192786434404249  0.267723581614230  0.155274644451643
0.246719527827602  0.185844100486279  0.200056015620853  0.278227088054003  0.161472847242109
0.252247578518614  0.193512256551204  0.207530963388558  0.289065665204271  0.167877896948338
0.257899491899828  0.201460516961085  0.215210687200084  0.300242815659517  0.174492824188037
0.263678043265265  0.209695686115867  0.223093863807512  0.311761304550176  0.181320282314205
0.269586070092779  0.218224382976093  0.231178365489132  0.323623067671430  0.188362492853429
0.275626473437360  0.227052994512443  0.239461184867674  0.335829113318871  0.195621186489653
0.281802219355661  0.236187624578228  0.247938356297255  0.348379417527339  0.203097539286761
0.288116340362434  0.245634037920047  0.256604874050388  0.361272812629177  0.210792103949335
0.294571936919611  0.255397599053395  0.265454607634388  0.374506869130162  0.218704735951816
0.301172178958737  0.265483205855449  0.274480214840169  0.388077771206804  0.226834514525890
0.307920307437523  0.275895217467035  0.283673052795265  0.401980185673306  0.235179658221821
0.314819635931277  0.286637376282013  0.293023087694034  0.416207124716251  0.243737434995395
0.321873552259983  0.297712723792866  0.302518803956611  0.430749802748521  0.252504066786267
0.329085520151849  0.309123510280696  0.312147113974324  0.445597488218645  0.261474628821987
0.336459080944119  0.320871097964947  0.321893269149594  0.460737350579260  0.270642943497017
0.343997855322002  0.332955857578262  0.331740773567475  0.476154303376810  0.280001469099083
0.351705545096554  0.345377058300225  0.341671301682649  0.491830844442392  0.289541183653047
0.359585935022406  0.358132751331917  0.351664621940134  0.507746894857120  0.299251464561962
0.367642894656211  0.371219646891737  0.361698527677561  0.523879637543954  0.309119964220086
0.375880380256742  0.384632984993568  0.371748777520329  0.540203357470523  0.319132482444755
0.384302436727552  0.398366400318886  0.381789047468792  0.556689285417554  0.329272836559128
0.392913199603175  0.412411782005710  0.391790897484845  0.573305448163996  0.339522730531775
0.401716897079815  0.426759128542197  0.401723754698049  0.590016526932684  0.349861623957285
0.410717852091550  0.441396398834265  0.411554916379366  0.606783727460869  0.360266602633804
0.419920484433048  0.456309360457327  0.421249575700530  0.623564664951176  0.370712252467286
0.429329312929842  0.471481436795823  0.430770873837566  0.640313268175071  0.381170539162679
0.438948957657241  0.486893554015692  0.440079981172618  0.656979705821510  0.391610695439593
0.448784142208953  0.502523990046810  0.449136211339442  0.673510339990292  0.401999118785080
0.458839696016540  0.518348227685680  0.457897171492906  0.689847711461278  0.412299282700426
0.469120556720846  0.534338814777904  0.466318952395994  0.705930562294530  0.422471665209760
0.479631772596552  0.550465233578621  0.474356360974257  0.721693899969052  0.432473697591555
0.490378505031067  0.566693782951459  0.481963198563280  0.737069109062193  0.442259737770327
0.501366031058955  0.582987476961728  0.489092587284743  0.751984115873096  0.451781072648556
0.512599745953147  0.599305964302756  0.495697346504632  0.766363611839202  0.460985954354953
0.524085165874218  0.615605472038086  0.501730420199068  0.780129340047317  0.469819674484713
0.535827930579021  0.631838778870107  0.507145355675607  0.793200450361188  0.478224681798237
0.547833806190011  0.647955222889601  0.511896832662484  0.805493927476277  0.486140748413059
0.560108688026621  0.663900749402032  0.515941240252688  0.816925095651499  0.493505189751997
0.572658603500075  0.679618003327467  0.519237297867331  0.827408202042746  0.500253142436304
0.585489715073068  0.695046472169684  0.521746714564139  0.836857080432831  0.506317905092351
0.598608323285755  0.710122684892486  0.523434878858726  0.845185894991803  0.511631346022948
0.612020869849549  0.724780471989220  0.524271568659089  0.852309961666122  0.516124380971512
0.625733940810227  0.738951290649648  0.524231669609159  0.858146642645617  0.519727522784756
0.639754269781926  0.752564619556446  0.523295886808540  0.862616307167069  0.522371504230748
0.654088741253582  0.765548426403782  0.521451432427797  0.865643348653904  0.523987973228002
0.668744393969471  0.777829709985456  0.518692669037154  0.867157244781255  0.524510257679808
0.683728424385482  0.789335116848256  0.515021687952870  0.867093644850387  0.523874195185614
0.699048190202840  0.799991631576044  0.510448798235626  0.865395464709861  0.522019020514494
0.714711213981003  0.809727337224123  0.504992900703072  0.862013965817930  0.518888300684040
0.730725186831510  0.818472239857469  0.498681720871451  0.856909791971428  0.514430904581346
0.747097972194596  0.826159148825462  0.491551876679757  0.850053936346278  0.508601992168576
0.763837609700425  0.832724601748208  0.483648755647491  0.841428607660017  0.501364004930329
0.780952319116841  0.838109819741063  0.475026178556984  0.831027962794383  0.492687636401116
0.798450504385569  0.842261675511036  0.465745831897075  0.818858674576178  0.482552760280190
0.816340757748858  0.845133654792960  0.455876457355722  0.804940306286999  0.470949293355920
0.834631863968579  0.846686788417045  0.445492790844067  0.789305464843014  0.457877968488138
0.853332804639864  0.846890529269888  0.434674251194380  0.771999707939570  0.443350992170215
0.872452762601392  0.845723547907162  0.423503390475096  0.753081189624518  0.427392564305568
0.892001126444498  0.843174420013755  0.412064127153686  0.732620035659493  0.410039239831846
0.911987495123307  0.839242178046033  0.400439792689984  0.710697446518800  0.391340113304494
0.932421682668172  0.833936699084795  0.388711033158456  0.687404534102783  0.371356809876179
0.953313723004717  0.827278906222994  0.376953621949957  0.662840914789449  0.350163275271766
0.974673874880855  0.819300763362055  0.365236247056200  0.637113086717513  0.327845358769190
0.996512626904207  0.810045047699275  0.353618341018440  0.610332614705582  0.304500177838596
1.018840702692389  0.799564887941039  0.342148034253956  0.582614168152522  0.280235268244001
1.041669066138693  0.787923068465956  0.330860324366700  0.554073488588546  0.255167548004249
1.065008926795757  0.775191104774552  0.319775555278987  0.524825370354696  0.229422128619488
1.088871745379862  0.761448104665493  0.308898304356488  0.494981758899972  0.203131022282547
1.113269239398559  0.746779436962234  0.298216764535038  0.464650045277543  0.176431775479433
1.138213388904386  0.731275245769204  0.287702699340939  0.433931639499501  0.149466068529158
1.163716442377509  0.715028852370297  0.277312040205400  0.402920905843624  0.122378322552572
1.189790922740170  0.698135096865947  0.266986180771821  0.371704537931032  0.095314355577962
1.216449633505897  0.680688677126324  0.256654005082509  0.340361436706024  0.068420121458265
1.243705665066484  0.662782555232541  0.246234657490244  0.308963137210540  0.041840561339233
1.271572401119860  0.644506499759416  0.235641035028804  0.277574798711810  0.015718577883686
1.300063525241957  0.625945835305427  0.224783947079793  0.246256741383737 -0.009805871443639
1.329193027605847  0.607180466152981  0.213576847473552  0.215066473311226 -0.034596584715218
1.358975211851425  0.588284236632794  0.201940991571768  0.184061107610732 -0.058521866037792
1.389424702109009  0.569324668979062  0.189810821609054  0.153300019339180 -0.081455271769898
1.420556450180320  0.550363093159366  0.177139323333810  0.122847544271766 -0.103276413126593
1.452385742880356  0.531455138527879  0.163903036129267  0.092775479277216 -0.123871868656397
1.484928209543776  0.512651493953095  0.150106341982122  0.063165120258572 -0.143136228347437
1.518199829699463  0.493998747100192  0.135784619697629  0.034108581871585 -0.160973227631144
1.552216940917054  0.475539984860075  0.121005837234225  0.005709208324627 -0.177296813396503
1.586996246829278  0.457314665229339  0.105870189843666 -0.021918964715876 -0.192031802235643
1.622554825334044  0.439357522471781  0.090507608901610 -0.048652517345105 -0.205113767855703
1.658910136980307  0.421697991649301  0.075073476256376 -0.074360636354639 -0.216488651084739
1.696080033541828  0.404360620183324  0.059742627326432 -0.098907962288043 -0.226112447655339
1.734082766783044  0.387365698478300  0.044701591832016 -0.122158280548560 -0.233950742699998
1.772936997421341  0.370729997079980  0.030139396430054 -0.143978898884918 -0.239978105691754
1.812661804290146  0.354467556483619  0.016237445739470 -0.164245462747864 -0.244177399588015
1.853276693707321  0.338590495590652  0.003159175426766 -0.182846886266532 -0.246539096352169
1.894801609053472  0.323109760813609 -0.008959695348561 -0.199689998257456 -0.247060682769556
1.937256940564872  0.308035768370153 -0.020019397170063 -0.214703478788783 -0.245746277561908
1.980663535345804  0.293378857912325 -0.029961924733255 -0.227840646369283 -0.242606548374809
2.025042707605245  0.279149520405580 -0.038773629591432 -0.239080724040078 -0.237659031010119
2.070416249122909  0.265358342204897 -0.046484013770790 -0.248428296892689 -0.230928894366478
2.116806439949806  0.252015672963062 -0.053160506035389 -0.255910874673036 -0.222450188473726
2.164236059348551  0.239131013617950 -0.058899456065461 -0.261574652445446 -0.212267512133884
2.212728396978805  0.226712210304748 -0.063814121227394 -0.265478861250950 -0.200438017015116
2.262307264333342  0.214764523022409 -0.068020956468365 -0.267689307702926 -0.187033548075983
2.312997006430352  0.203289728031376 -0.071626009474127 -0.268271991173651 -0.172142716899130
2.364822513767731  0.192285384721746 -0.074713502757143 -0.267287765918181 -0.155872614169154
2.417809234545209  0.181744437347152 -0.077338723972623 -0.264789073082727 -0.138349896076025
2.471983187160343  0.171655283569125 -0.079527007267422 -0.260819588937566 -0.119721002870926
2.527370972984488  0.162002378511047 -0.081279839000917 -0.255417266303846 -0.100151350213121
2.583999789425038  0.152767396796969 -0.082587999444526 -0.248620744588113 -0.079823484267304
2.641897443280330  0.143930835274355 -0.083450229315338 -0.240478375714160 -0.058934328578486
2.701092364393795  0.135473865022958 -0.083894443979021 -0.231058454474266 -0.037691851063460
2.761613619614038  0.127380139875928 -0.083997267073692 -0.220458631825870 -0.016311620950927
2.823490927067708  0.119637206246936 -0.083896985637066 -0.208812147520772  0.004986205674578
2.886754670752184  0.112237196743034 -0.083795299532298 -0.196288683650809  0.025978950315761
2.951435915455206  0.105176560489632 -0.083944640950874 -0.183088285208913  0.046442172064193
3.017566422008817  0.098454756229149 -0.084620421065108 -0.169428026788146  0.066149066099999
3.085178662885081  0.092072081972424 -0.086081012366959 -0.155522771579391  0.084868850464713
3.154305838141236  0.086027048423741 -0.088521936584876 -0.141563095109520  0.102364915854665
3.224981891722132  0.080313905887777 -0.092033700563890 -0.127694873361077  0.118393844278565
3.297241528127931  0.074921024383458 -0.096573904299989 -0.114005609752932  0.132706540358680
3.371120229455272  0.069830716032232 -0.101962745863712 -0.100521847260783  0.145052521259409
3.446654272820270  0.065020784206109 -0.107906546037269 -0.087219865203132  0.155187857151351
3.523880748171885  0.060467610780322 -0.114046890888481 -0.074048516138631  0.162886404132175
3.602837576504437  0.056150057609503 -0.120025045431943 -0.060959261134044  0.167953011204093
3.683563528478182  0.052053034193646 -0.125544891604437 -0.047935407154185  0.170236598260254
3.766098243457112  0.048169463273684 -0.130415523510180 -0.035011540990781  0.169640727909684
3.850482248973313  0.044499692834055 -0.134558820970965 -0.022276159621092  0.166129774259627
3.936756980627454  0.041048170576899 -0.137978047546337 -0.009855615827575  0.159730037317102
4.024964802435168  0.037818237074609 -0.140698220996636  0.002115479634835  0.150526877671572
4.115149027629311  0.034806845414870 -0.142702548344780  0.013525792920358  0.138660532018631
4.207353939928332  0.032001421129300 -0.143895139301261  0.024306300290897  0.124323965762482
4.301624815281179  0.029380586164107 -0.144113384066886  0.034425646281834  0.107765298430767
4.398007944099430  0.026919036380808 -0.143193237063589  0.043860270994023  0.089294947694497
4.496550653987557  0.024594916192840 -0.141063349585414  0.052550793564231  0.069294400015095
4.597301332982498  0.022396422642322 -0.137821817440909  0.060366721168413  0.048220913691166
4.700309453313933  0.020324092537005 -0.133746370574722  0.067102964010213  0.026602116621151
4.805625595696932  0.018386839670642 -0.129213155363512  0.072520028942031  0.005017383264843
4.913301474168928  0.016592959169574 -0.124545473014317  0.076417696063497 -0.015931617413489
5.023389961483173  0.014940559814915 -0.119860894602596  0.078709527669346 -0.035653141754167
5.135945115071177  0.013413176870575 -0.115003327452192  0.079456861612860 -0.053590084637923
5.251022203586859  0.011984205801380 -0.109614800308101  0.078836136351545 -0.069230548836958
5.368677734045464  0.010628665833970 -0.103325582818930  0.077049718171008 -0.082106498710946
5.488969479570545  0.009335387209913 -0.095960448367327  0.074228948479471 -0.091792061574339
5.611956507762661  0.008110969522734 -0.087630913136891  0.070391436951063 -0.097916109669658
5.737699209703706  0.006971251100951 -0.078644495242899  0.065485342844332 -0.100196172377699
5.866259329611117  0.005924912387048 -0.069289363619647  0.059492568367282 -0.098485335002858
5.997699995156519  0.004961138610327 -0.059659299475150  0.052511930808408 -0.092810924617146
6.132085748463692  0.004052150789044 -0.049671265433497  0.044749450936265 -0.083385184168159
6.269482577801096  0.003170391944634 -0.039274321802266  0.036416307614851 -0.070586410058058
6.409957949984498  0.002306701669965 -0.028660896117404  0.027624740094648 -0.054931516660476
6.553580843505615  0.001472444939129 -0.018248359316386  0.018392815840189 -0.037066504214409
6.700421782403056  0.000681668765720 -0.008390439855134  0.008777482907494 -0.017778968682155
6.850552870892173  0.000010347025936 -0.000109073928000  0.000116540930774 -0.000235435368909
7.004047828770845  0.000000000000000  0.000000000000000  0.000000000000000  0.000000000000000
7.160982027618561  0.000000000000000  0.000000000000000  0.000000000000000  0.000000000000000
7.321432527806597  0.000000000000000  0.000000000000000  0.000000000000000  0.000000000000000
7.485478116337446  0.000000000000000  0.000000000000000  0.000000000000000  0.000000000000000
7.653199345532093  0.000000000000000  0.000000000000000  0.000000000000000  0.000000000000000
7.824678572584102  0.000000000000000  0.000000000000000  0.000000000000000  0.000000000000000